0D 00 03 01 00 FA 01 1E 1C 00 01 46   03 00 0D 02 00 FA 01 1E 1C 00 01 47

0D 00 06 00 00 FA 01 0E 00 64 01 80   55 55 55 55 55 55 55 55 55 08 03 05    64 = 100 = 1

0D 00 06 00 00 FA 01 0E 00 C8 01 E4   55 55 55 55 55 55 55 55 55 08 03 05    C8 = 200 = 2

0D 00 06 00 00 FA 01 0E 01 2C 01 49   55 55 55 55 55 55 55 55 55 08 03 05    01 2C = 256 + 32 + 12 = 300 = 3

0D 00 06 00 00 FA 01 0E 00 96 01 B2   55 55 55 55 55 55 55 55 55 08 03 05    96 = 150 = 1.5

0D 00 06 00 00 FA 01 0E 00 4B 01 67   55 55 55 55 55 55 55 55 55 08 03 05    4B = 75 = 0.75
